35
17 64 45 98 12 38 12 97 42 30 92 57 100 13 32 91 85 42 93 96 50 11 21 60 79 66 60 75 82 96 51 36 100 87 93
94 20 36 55 76 27 30 18 27 77 26 39 95 33 67 15 50 23 36 80 23 78 63 66 98 84 35 64 53 23 63 80 40 45 68
90 98 50 46 90 73 37 57 22 39 54 50 74 74 35 69 85 77 56 94 83 59 35 43 70 74 65 95 20 44 18 37 47 25 27
20 59 74 83 30 18 70 89 24 35 32 18 70 72 59 22 17 32 44 81 74 50 24 54 99 12 91 72 33 67 90 61 33 25 56
34 69 11 17 70 28 97 82 35 79 61 17 67 49 17 65 90 91 36 10 74 28 43 78 40 25 62 98 55 23 70 79 75 88 24
21 89 53 12 69 16 36 61 58 31 38 70 16 63 61 70 58 32 78 94 17 89 42 92 49 73 19 39 54 52 75 19 77 35 85
90 78 39 52 59 85 53 50 49 39 14 33 47 15 86 57 61 77 71 72 88 42 38 51 96 30 44 75 13 59 39 81 71 14 93
69 76 33 42 49 99 17 97 18 96 38 23 70 63 81 80 66 30 32 61 69 63 62 52 100 24 30 46 70 52 75 18 18 32 83
69 41 62 20 85 58 59 98 11 37 91 53 98 46 75 28 19 28 29 98 81 16 98 75 20 32 67 99 51 100 40 36 92 44 44
72 41 99 30 55 27 80 67 46 67 73 31 11 70 51 47 34 20 10 32 74 59 25 98 48 59 30 32 43 24 82 78 14 86 20
93 64 10 43 57 89 100 65 15 75 24 71 75 72 74 60 92 48 100 87 30 19 69 57 53 61 18 32 66 97 29 23 25 25 78
33 36 17 63 36 52 67 41 91 35 28 90 33 92 39 71 94 25 57 56 50 51 55 20 57 100 69 23 81 16 71 50 14 42 83
24 89 29 93 24 81 58 58 92 91 50 70 51 79 25 63 31 29 26 42 87 84 14 16 95 60 70 65 57 99 51 99 63 38 53
74 91 15 35 54 99 38 82 97 76 29 62 25 88 87 42 27 70 46 89 75 34 57 72 92 84 70 59 16 68 24 59 21 76 16
52 87 47 36 39 94 70 75 31 55 47 34 97 74 23 36 59 14 70 78 57 90 16 11 49 76 46 80 71 92 40 43 51 88 44
66 97 22 31 31 99 60 20 44 38 67 85 48 88 72 80 28 97 90 49 99 64 21 94 40 51 52 40 60 88 79 65 26 93 16
60 53 63 88 71 95 37 76 39 21 70 71 36 63 80 21 56 70 93 24 85 19 45 66 88 39 76 47 49 24 25 62 17 11 67
68 70 85 67 16 66 27 40 29 91 44 56 60 59 61 30 97 54 68 40 44 74 88 48 48 83 42 100 12 74 15 24 81 19 18
51 11 38 23 91 41 67 96 41 62 95 35 71 59 91 97 77 10 60 51 21 37 64 88 71 10 59 42 61 27 63 65 78 96 74
93 65 62 12 92 62 86 69 39 58 20 39 67 25 63 30 77 94 90 53 49 100 83 87 75 45 67 28 85 64 48 27 32 69 13
25 30 94 39 49 49 69 85 33 16 100 66 66 51 21 44 67 17 91 72 97 48 20 87 27 35 92 55 34 31 56 65 78 22 81
71 46 57 57 25 36 67 43 85 20 86 11 11 94 42 56 12 34 83 26 47 33 89 68 47 34 78 74 48 99 83 68 83 31 23
14 54 27 26 44 15 26 48 49 32 87 26 35 49 41 27 100 79 21 46 50 37 50 26 53 45 33 72 25 92 65 87 30 82 73
10 35 10 43 64 31 73 32 41 14 63 61 70 47 39 60 25 28 33 100 39 39 19 11 13 31 12 38 61 75 27 20 78 24 89
66 40 90 89 16 56 54 53 65 73 13 92 87 53 93 54 91 100 34 72 29 17 41 100 35 61 47 78 26 42 21 33 79 18 38
58 40 52 25 28 28 21 65 27 53 53 27 85 64 94 79 94 63 69 98 96 78 69 88 65 61 31 26 49 43 55 28 42 22 42
17 37 73 35 48 89 66 21 27 56 64 80 91 42 84 96 48 30 70 67 92 57 77 72 87 98 68 15 28 27 90 29 82 92 98
89 71 92 71 92 41 83 21 25 26 84 47 89 87 42 100 34 78 18 70 87 36 73 96 73 76 84 11 19 92 35 84 58 39 68
65 20 69 50 31 70 41 72 77 43 60 23 75 40 65 100 74 39 36 85 97 53 71 67 30 75 37 46 48 75 68 55 74 84 40
34 29 69 36 18 99 37 38 64 27 69 89 34 51 73 99 78 61 34 70 67 39 68 54 74 44 33 74 40 22 66 35 53 53 91
21 17 59 13 18 20 66 87 91 88 77 64 88 67 61 39 80 88 53 75 28 89 44 12 27 55 93 64 22 95 99 55 51 35 92
48 35 91 68 36 82 50 13 71 41 92 71 23 23 87 87 25 56 39 81 69 49 47 61 90 48 13 81 12 10 91 91 50 48 36
62 92 69 94 62 10 27 90 97 10 91 54 67 16 45 19 33 23 40 93 88 60 47 42 31 54 16 89 39 75 59 80 30 73 45
19 14 86 33 52 72 51 61 34 41 55 74 73 64 94 45 39 80 11 97 85 89 33 58 26 97 72 71 26 53 27 31 15 14 90
81 32 73 32 29 20 87 44 29 20 19 36 38 40 41 10 14 95 77 58 88 58 92 21 16 44 18 61 24 74 18 34 47 75 51
